영 수 증 (공급받는자) 
기린길라인 귀하 
재발행 2024-10-07(월)03:12:20 
고유 
페인트타운 3층 306호 
전화:010-3517-9092 
kakao Talk:gou2016 
Kakao Story:gou0205-2 
Wechat:gou306 
24-10-06(일) 2,963,000 청구 
품명 단가 수량 금액 
b-꽃밭mtm/네이비/3 
12,000 1 12,000 
※b-놀이방수트/레드/2 
16,000 2 32,000 
※b-사랑그잡채pt/베이지/2 
14,000 1 14,000 
b-스물곰수트/크림/3 
27,000 1 27,000 
--- 
b-쫀쫀레깅스/메란지/3 
10,000 1 10,000 
b-쫀쫀레깅스/아이/3 
10,000 1 10,000 
b-타올바지/레드/3 
14,000 2 28,000 
※고도리네베스트/나염고도리/M 
24,000 1 24,000 
※고유맨t/메란지/L 
9,000 1 9,000 
※고유맨t/메란지/M 
9,000 1 9,000 
※고유폴라/민트/XS 
10,000 1 10,000 
※고유폴라/블랙/JS 
13,000 1 13,000 
※고유폴라/아이/JS 
13,000 1 13,000 
※골져스두건/크림/ONE 
8,000 1 8,000 
※그랑프리t/브라운/M 
13,000 1 13,000 
※꽃밭mtm/네이비/L 
17,000 1 17,000 
※꽃밭mtm/네이비/XS 
17,000 1 17,000 
※놀이방t/레드/XL 
9,000 1 9,000 
※놀이방t/레드/S 
9,000 1 9,000 
※놀이방t/진밤/L 
9,000 1 9,000 
--- 
뒤집어mtm/메란지/JS 
25,000 1 25,000 
뜨거워머/메란지/2 
5,000 1 5,000 
레고비니~/네이비/1 
8,000 1 8,000 
※명품t/레드/JL 
14,000 1 14,000 
※명품t/레드/JS 
14,000 2 28,000 
※명품t/블루/JL 
14,000 1 14,000 
※명품t/블루/S 
11,000 1 11,000 
※명품t/블루/XL 
11,000 1 11,000 
※명품t/아이/XL 
11,000 1 11,000 
※반달pt/블랙/XL 
19,000 1 19,000 
※부추pt/브라운/S 
20,000 1 20,000 
※부추pt/브라운/XS 
20,000 1 20,000 
※빈티지jp/레드/L 
32,000 1 32,000 
※빈티지jp/레드/XL 
32,000 1 32,000 
쁘띠그잡채sk/화이트/1 
10,000 1 10,000 
--- 
스몰도리pt/메란지/XL 
20,000 1 20,000 
---- 
※신세계pt/블루/L 
13,000 1 13,000 
※신세계pt/차콜/JL 
16,000 1 16,000 
신세계pt/차콜/L 
13,000 1 13,000 
※신세계pt/차콜/XS 
13,000 1 13,000 
신세계pt-맘/크림/MOM 
24,000 1 24,000 
워크jk/네이비/XL 
39,000 1 39,000 
※유치원pt/네이비/L 
18,000 2 36,000 
쫀쫀레깅스/크림/L 
11,000 1 11,000 
※쫀쫀레깅스/크림/S 
11,000 1 11,000 
※쫀쫀레깅스/메란지/XL 
11,000 1 11,000 
카우도리jp/고도리목장/L 
39,000 1 39,000 
※타올바지/레드/JS 
19,000 1 19,000 
※신세계pt/블루/M 
13,000 1 13,000 
판매소계 49건 53 831,000 
전 잔: 2,257,000 
당일합계: 831,000 
할인금액: 125,000 
당 잔: 2,963,000 
매입전잔: 
매입잔액: 
※ 
※ 표시는 미송상품입니다. 
(사업자)새마을금고 9003-2650-3509-1 유현정 
<일반>하나은행 376-910404-41907 유현정 
*상기금액은 부가세 별도입니다. 
*반품/교환은 7일이내에 가능(영수증지참) 
10733970329983