영 수 증 (공급받는자) 
길라인 귀하 
0085-재발행 2024-10-07(월) 01:23:35 
Matilda & Lee 
아이라인 1F 25,26,27,28호 
TEL : 010-8848-9074 
KAKAO TALK : matilda88489074 
KAKAO STORY : matilda2728 
WEACHAT : matilda2728 
INSTAGRAM : matilda,lee_official 
24-10-07(월) 1,039,600 청구 
품명 단가 수량 금액 
※1898뉴욕후드/검정/17 
17,000 1 17,000 
1898뉴 욕후드/검정/5 
14,000 1 14,000 
1898뉴옥후드/베이지/19 
17,000 1 17,000 
※1898뉴욕후드/와인/17 
17,000 1 17,000 
※1983카라집업/회색/9 
15,000 1 15,000 
2단프릴스커트/검정/11 
11,000 1 11,000 
78바람막이맨투맨/아이/17 
19,000 1 19,000 
※95테잎티/검정/17 
12,000 1 12,000 
ST크롭골지티/다홍/9 
7,000 1 7,000 
※ST하트컷팅티/검정/13 
10,000 1 10,000 
ST하트컷팅티/검정/5 
10,000 1 10,000 
ST하트컷팅티/회색/5 
10,000 1 10,000 
ST하트컷팅티/회색/9 
10,000 1 10,000 
USA건빵바지/검정/13 
20,000 1 20,000 
USA건빵바지/검정/15 
23,000 1 23,000 
USA건빵바지/검정/9 
20,000 2 40,000 
※골지리본티/검정/13 
8,000 2 16,000 
골지크롬가디건2/회색/7 
10,000 1 10,000 
골지후드가디건/검정/11 
14,000 1 14,000 
골지후드가디건/아이/11 
14,000 1 14,000 
글로시리본크롬티/검정/5 
7,000 1 7,000 
글로시리본크롭티/마미/15 
9,000 2 18,000 
글로시리본크롬티/마이/5 
7,000 1 7,000 
※뉴욕크롬티/마이(몸판)/13 
7,000 1 7,000 
뉴하트데님스커트/흑청/15 
24,000 2 48,000 
※니트와이드바지/검정/19 
17,000 1 17,000 
※니트와이드바지/회색/19 
17,000 1 17,000 
단가라크롬니트/검정/5 
10,000 1 10,000 
데일리데님바지/청/19 
27,000 1 27,000 
데일리데님바지/청/7 
24,000 1 24,000 
※데 일리데님바지/흑청/17 
27,000 1 27,000 
※데일리데님바지/흑청/19 
27,000 1 27,000 
띵스크롬티/검정/13 
7,000 1 7,000 
래빗크롭티/마이/13 
7,000 2 14,000 
※래빗크롬티/아이/15 
9,000 1 9,000 
로맨틱리본맨투맨/검정/9 
12,000 1 12,000 
롤리크롬점퍼/크림/13 
35,000 1 35,000 
리본가죽점퍼/검정/7 
33,000 1 33,000 
리본발포나염맨투맨/검정/11 
11,000 1 11,000 
리본발포나염맨투맨/검정/13 
11,000 1 11,000 
리본발포나염맨투맨/검정/9 
11,000 / 11,000 
※리본빵줄바지/검정/13 
16,000 1 16,000 
리본뺑줄바지/백메란지/13 
16,000 1 16,000 
리본삥줄스커트/검정/9 
10,000 1 10,000 
리본조거바지/검정/15 
17,000 1 17,000 
리본조거바지/검정/17 
17,000 1 17,000 
망사나시세트/아이/13 
12,000 2 24,000 
※메이크밴드바지2/검정/13 
11,000 2 22,000 
메이크밴드바지2/검정/17 
13,000 1 13,000 
메이크밴드바지2/검정/19 
13,000 1 13,000 
※메이크크롬후드/아이/15 
15,000 1 15,000 
※브이넥치마세트/마미/9 
20,000 1 20,000 
뺑줄크롬점퍼/검정/17 
26,000 1 26,000 
뺑줄크롬점퍼/검정/19 
26,000 1 26,000 
세븐카라티/검정/19 
16,000 1 16,000 
※스파클링후드세트/곤색/15 
30,000 1 30,000 
스파롤링후드세트/오트밀/15 
30,000 1 30,000 
※스판하트컷팅티/아미/9 
8,000 1 8,000 
※오버핏단가라티/곤색/19 
15,000 1 15,000 
올림픽조거바지/검정/17 
14,000 1 14,000 
올림픽조거바지/백메란지/17 
14,000 1 14,000 
웰니스크롬티/아이/15 
10,000 1 10,000 
유니크건빵바지/검정/19 
28,000 1 28,000 
진주베어후드/크림/11 
17,000 2 34,000 
테잎크롬티/검정/13 
12,000 1 12,000 
※테잎크롬티/아이/15 
15,000 1 15,000 
※트윙클주름스커트/실버/11 
17,000 1 17,000 
※핀탁스판나팔바지/검정/13 
11,000 1 11,000 
하트레터링후드/검정/7 
16,000 1 16,000 
※하트미니셜크롬티/마이/13 
9,000 1 9,000 
판매소계 70건 78 1,199,000 
전 잔: 20,400 
당일합계: 1,199,000 
할인금액: 179,800 
당 잔: 1,039,600 
매입전잔: 0 
매입잔액: 0 
※3 
※ 표시는 미송상품입니다. 
*입금처: 국민 919301-01-187737 송미영(마틸다앤리) 
*상기금액은 부가세별도 금액입니다. 
*부가세는 선불입니다. 
*세금계산서는 매월 5일까지입니다. 
*교환은 10일 안으로 부탁드립니다. 
*흰색 계열,레깅스류는 교환이 불가합니다.