영 수 증 (공급받는자) 
길라인, 기린 귀하 
0084-재발행 2024- 10 07(월) 00:30:14 
미니로브(MINIROBE) 
마마아동복 108호 
전화: 02)777- 2244 H.P:010 4492 8542 
KAKAOTSOTRY ID:minirobe1 
KAKAOTALKID: minirobe 
INSTAGRAM ID: minirobe_bebe 
24- 10 07(월) 4,545,000 청구 
품명 단가 수량 금액 
6부핀턱데님/블랙/M 
19,000 19,000 
6부핀턱데님/블랙/XL 
19,000 19,000 
me루즈티/메란지/L 
13.000 2 26,000 
me루즈티/메 란지/S 
13,000 13,000 
me루즈티/브라운/S 
13,000 13,000 
me루즈티/크림/L 
13,000 13,000 
me루즈티/크림/S 
13,000 3 39,000 
더블스티치팬츠/베이지/L 
13,000 13,000 
더블스티치팬츠/베이지/M 
13,000 13,000 
더블스티치팬츠/차콜/M 
13,000 1 13,000 
덴깡조거바지/네이비/L 
19,000 19,000 
덴깡조거바지/네이비/S 
19,000 1 19,000 
라운드데님/연청/M 
20,000 20,000 
라운드데님/연청/XL 
20,000 80,000 
라운드데님/진청/XL 
20,000 1 20,000 
라운드맨투맨/버터/L 
14,000 1 14,000 
라운드맨투맨/소라/M 
14,000 14,000 
라운드맨투맨/소라/S 
14,000 14,000 
러비배색후드집업/브라운/L 
25,000 1 25,000 
롤앤롤 루즈티/크림/XL 
18,000 1 18,000 
롤앤롤 루즈티/차콜/S 
18,000 18,000 
롤앤롤 루즈티/차콜/XL 
18,000 2 36,000 
롤앤롤 루즈티/크림/M 
18,000 1 18,000 
롤앤롤 루즈티/크림/S 
18,000 18,000 
리들소세지팬츠/베이지/M 
16,000 16,000 
리들소세지팬츠/베이지/S 
16,000 16,000 
리들소세지팬츠/소라/XL 
16,000 1 16,000 
리버시블 점퍼/베이지/XL 
29,000 2 58,000 
리버시블 점퍼/크림/XL 
29,000 2 58,000 
마요슬림조거/베이지/L 
12,000 12,000 
마요슬림조거/블랙/L 
12,000 1 12,000 
마요슬림조거/블랙/M 
12,000 1 12,000 
마요슬림조거/크림/S 
12,000 12,000 
마인드st팬츠/검정/L 
14,000 1 14,000 
마인드st팬츠/검정/S 
14,000 14,000 
마인드st팬츠/베이지/S 
14,000 1 14,000 
망고st라운드티/네이비/L 
10,000 1 10,000 
망고st라운드티/메란지/L 
10,000 10,000 
망고st라 운드티/메란지/M 
10,000 10,000 
망고st라운드티/메란지/L 
10,000 10,000 
망고st라운드티/베이지/L 
10,000 1 10,000 
멜로우니트/베이지/S 
24,000 ~ 48,000 
멜로우니트/베이지/M 
24,000 1 24,000 
멜로우니트/크림/S 
24,000 24,000 
몰리조거팬츠/오트밀/L 
15,000 15,000 
올리조거팬츠/오트밀/M 
15,000 15,000 
몰리조거팬츠/오트밀/S 
15,000 1 15,000 
바닐라조거팬츠/메란지/M 
15,000 15,000 
바닐라조거팬츠/메란지/S 
15,000 15,000 
보보단가라맨투 맨/베이지/L 
16,000 16,000 
보보단가라맨투맨/핑크/L 
16,000 1 16,000 
뽀송st레깅스/베이지/S 
9,000 2 18,000 
뽀송가디건/모카/L 
17,000 1 17,000 
뽀송가디건/크림/L 
17,000 17,000 
뽀송가디건/크림/S 
17,000 17,000 
사카리바 베스 트/메란지/L 
20,000 20,000 
사카리바 베스트/메란지/XL 
20,000 2 40,000 
사카리바 베스 트/오트밀/L 
20,000 20,000 
심플 와이드팬츠/소라/L 
15,000 1 15,000 
애플 맨투 맨/차콜/L 
16,000 16,000 
애플 맨투 맨/카멜/L 
16,000 16,000 
애플 맨투맨/크림/L 
16,000 1 16,000 
오트밀st맨투맨/소라/L 
16,000 16,000 
오트밀st 맨투 맨/와인/M 
16,000 1 16,000 
오트밀st맨투 맨/와인/S 
16,000 16,000 
오트밀st맨투맨/차콜/S 
16,000 1 16,000 
와플베스 트/크림/M 
13,000 1 13,000 
위드 일자데님/블랙/L 
20,000 20,000 
위드 일자데님/블랙/M 
20,000 20,000 
위드 일자데님/블랙/XL 
20,000 20,000 
위드 일자데님/진청/M 
20,000 20,000 
제이랍빠데님/연청/S 
20,000 3 60,000 
제이랍빠데 님/진청/L 
20,000 20,000 
제이랍빠데님/진청/S 
20,000 20,000 
제이랍빠데님/진청/XL 
20,000 1 20,000 
제인소프트가디건/모카/S 
17,000 1 17,000 
제인소프트가디건/블랙/L 
17,000 17,000 
카라배색니트/네이비/M 
24,000 24,000 
카라배색니트/네이비/XL 
24,000 1 24,000 
카라배색니트/베이지/S 
24,000 2 48,000 
캔디 코튼수트/브라운/L 
21,000 1 21,000 
코튼와이드팬츠/베이지/XL 
15,000 15,000 
코튼와이드팬츠/차콜/M 
15,000 1 15,000 
코튼와이드팬츠/차콜/XL 
15.000 2 30,000 
쿠앤크st티/메란지/S 
10,000 10,000 
크로플랍빠티/블루/L 
14,000 1 14,000 
크로플랍빠티/블루/M 
14,000 1 14,000 
크로플랍빠티/블루/S 
14,000 14,000 
크로플랍빠티/크림/M 
14,000 14,000 
크로플랍빠티/크림/XL 
14,000 14,000 
퍼티그5부팬츠/베이지/S 
3,000 2 26,000 
퍼티그5부팬츠/핑크/L 
13,000 13,000 
퍼티그5부팬츠/핑크/S 
13,000 13,000 
피넛라운드자켓/크림/M 
29,000 1 29,000 
하트맨투맨/차콜/S 
11,000 11,000 
하트맨투맨/크림/S 
11,000 11,000 
하트맨투맨/핑크/M 
11,000 1 11,000 
허그트임티/네이비/L 
10,000 1 10,000 
판매소계 98건 115 1,925,000 
전 잔: 2,909,000 
당일합계: 1,925,000 
할인금액: 289,000 
당 잔: 4,545,000 
매입전잔: 0 
매입잔액: 0 
입금처:기업 267 050648 04 010 
주식회사 에이브이에이취컴퍼니 
상기금 액은 부가세별도 금액입니다. 
장끼에 포함되지 않은 상품은 품절입니다 
불량 교환/사이즈 교환은 구매후 14일내에 
가능합니다 
의류는 칼라 교환 불가/사이즈 교환만 
가능합니다 
악세사리는 불량교환만가능합니다 
7946141