영 수 증(공급받는자) 
드림(길라인) 귀하 
0056-재발행 2024-10-07(월) 00:34:40 
BELLA BAMBINA 
.벨라밤비나 
.크레용아동복(CRAYON) 260호 
.전화: 010-3653-8765 
.KAKAOTALKID: cumacoma 
.KAKAOSTORYID: bellabambina3 
.INSTAGRAM: bella_b_ambina 
24-10-07(월) 2,708,200 청구 
품명 단가 수량 금액 
ADULT 뉴깔깔이jk/플라워/FREE 
59,000 1 59,000 
뉴깔깔이/네이비/M 
26,000 1 26,000 
뉴깔깔이/플라워/S 
28,000 1 28,000 
니드가디건set/그레이/S 
25,000 1 25,000 
니드편한바지/그레이/M 
10,000 7 10,000 
니트가디건/그레이/M 
15,000 1 15,000 
롤반반조거PT/베이지/S 
12,000 1 12,000 
롤반반조거PT/베이지/M 
12,000 1 12,000 
리코롱OPS/골덴베이지/XL 
25,000 1 25,000 
베베넬라BL/베이지/S 
16,000 1 16,000 
베베넬라BL/크림/S 
16,000 1 16,000 
베베디오후드MTM/베이지/12M 
17,000 1 17,000 
베베라인조거PT/베이지/S 
11,000 1 11,000 
베베라인조거PT/차클/S 
11,000 1 11,000 
베베러블리통PT/리본/S 
17,000 1 17,000 
베베러블리통PT/무지청/S 
17,000 1 17,000 
베베뽀송후리스JP/브라운/S 
14,000 1 14,000 
베베뽀송후리스JP/카멜/S 
14,000 1 14,000 
베베치크반폴라T/플라워/12M 
10,000 1 10,000 
베베플라워실내복SET/베이지/S 
14,000 1 14,000 
베베플라워실내복SET/크림/12M 
14,000 1 14,000 
베베플라워실내복SET/크림/XS 
14,000 1 14,000 
베베플라워실내복SET/크림/S 
14,000 1 14,000 
부들바지/러스트핑크/XS 
8,500 1 8,500 
부들바지/러스트핑크/S 
8,500 1 8,500 
부들바지/러스트핑크/L 
8,500 1 8,500 
빵빵JK/크림/S 
38,000 1 38,000 
빵빵JK/크림/M 
38,000 1 38,000 
아리골댕PT/베이지/S 
16,000 1 16,000 
아리골댕PT/브라운/S 
16,000 1 16,000 
※F어 텀핑거PT/청/XS 
11,000 2 22,000 
※F어텀핑거PT/청/S 
11,000 5 55,000 
※F어텀핑거PT/청/M 
11,000 1 11,000 
※F어텀핑거PT/청/L 
11,000 1 11,000 
※F어 텀핑거PT/베이지/S 
11,000 1 11,000 
※F어 텀핑거PT/베이지/M 
11,000 1 11,000 
F어텀핑거PT/브라운/XS 
11,000 1 11,000 
F어텀핑거PT/브라운/S 
11,000 4 44,000 
F어텀핑거PT/브라운/M 
11,000 1 11,000 
※F어텀핑거PT/카멜/S 
11,000 1 11,000 
※F어텀핑거PT/핑크/L 
11,000 1 11,000 
오늘골지바지/차콜/S 
8,500 1 8,500 
오늘골지바지/차콜/M 
8,500 1 8,500 
오늘골지바지/브라운/S 
8,500 1 8,500 
오늘골지바지/크림/XS 
8,500 1 8,500 
오늘골지바지/크림/S 
8,500 2 17,000 
오늘골지바지/크림/M 
8,500 1 8,500 
제리랍빠수트/네이비/XS 
14,000 1 14,000 
제리랍빠수트/네이비/M 
14,000 1 14,000 
제리랍빠수트/네이비/XL 
14,000 1 14,000 
제리랍빠수트/브라운/S 
14,000 1 14,000 
제리랍빠수트/브라운/L 
14,000 1 14,000 
F청꼬쟁이/S 
13,000 1 13,000 
F청꼬쟁이/M 
13,000 1 13,000 
치크반폴라T/플라워/M 
10,000 1 10,000 
탠청PT/S 
18,000 1 18,000 
탠청PT/M 
18,000 1 18,000 
폴무지반폴라T/크림/S 
9,000 1 9,000 
핸디폴라T/차콜/M 
9,000 1 9,000 
오늘골지바지/브라운/M 
8,500 1 8,500 
부들바지/차콜/L 
8,500 1 8,500 
--- 판매소계 --- 61건 70 990,000 
전 잔: 1,817,200 
당일합계: 990,000 
할인금액: 99,000 
당 잔: 2,708,200 
매입전잔: 
매입잔액: 
※ 표시는 미송상품입니다. 
하나은행 
166 - 910015 - 24104 
주식회사 벨라밤비나 
1.세금계산서는 매월 말일 마감입니다. 
(부가세 별도) 
2.흰색/아이보리 계열, 소비자 과실로 인한 불림 
3.최저판매가격 1.6배 반드시 지켜주세요. 
22395325667408