영 수 증 (공급받는자) 
길라인 귀하 
0032-재발행 2024-10-07(월) 01:23:39 
BLACK BEAN (블랙빈) 
혜양 엘리시움 2F 4호 
전화론:010.5397.2425 
24-10-06(일) 2,347,000 청구 
품명 단가 수량 금액 
24 (629)기획청바지/블럭/M 
12,000 1 12,000 
24 (629)기획청바지/면청/S 
12,000 2 24,000 
24 (629)기 획청바지/진청/S 
12,000 1 12,000 
24 (629)기획청바지/진청/L 
12,000 1 12,000 
24 (629)기획청바지/진청/XL 
12,000 12,000 
24노멀티/크림/M 
6,000 6,000 
※24노블팬츠/블럭/S 
7,000 1 7,000 
※24노블팬츠/블럭/M 
7,000 1 7,000 
※24노블팬츠/블럭/XL 
7,000 1 7,000 
24노블팬츠/블랙/L 
7,000 1 7,000 
※24노블팬츠/블럭/M 
7,000 2 14,000 
※24노블팬츠/메란지/M 
7,000 1 7,000 
※24노블팬츠/메란지/S 
7,000 2 14,000 
※24노블팬츠/메란지/XL 
7,000 1 7,000 
※24노블팬츠/메란지/S 
7,000 1 7,000 
※24노블팬츠/블럭/M 
7,000 1 7,000 
24노블팬츠/블랙/L 
7,000 1 7,000 
※24노블팬츠/메란지/L 
7,000 1 7,000 
※24노블팬츠/메란지/M 
7,000 1 7,000 
24라벨팬츠/블랙/L 
7,000 2 14,000 
24라벨팬츠/블럭/M 
7,000 1 7,000 
24라벨팬츠/노랑/L 
7,000 1 7,000 
24라벨팬츠/노랑/M 
7,000 1 7,000 
24라벨팬츠/메란지/M 
7,000 2 14,000 
24라벨팬츠/블루/S 
7,000 2 14,000 
※24라벨팬츠/크림/S 
7,000 1 7,000 
※24라벨팬츠/크림/M 
7,000 1 7,000 
24라벨팬츠/핑크/L 
7,000 1 7,000 
※24라이 프후드티/백메란지/M 
12,000 1 12,000 
24라이프후드티/레드/M 
12,000 1 12,000 
24라이프후드티/레드/XL 
12,000 1 12,000 
24라이프후드티/초록/S 
12,000 1 12,000 
24마일베베세트/크림/S 
14,000 1 14,000 
※24마일베베세트/크림/M 
14,000 1 14,000 
24모건팬츠/민트/M 
11,000 1 11,000 
24모건팬츠/민트/L 
11,000 1 11,000 
24모건팬츠/겨자/L 
11,000 1 11,000 
※24모건팬츠/베이지/S 
11,000 1 11,000 
24모건팬츠/베이지/L 
11,000 1 11,000 
※24모건팬츠/차콜/S 
11,000 1 11,000 
24모건팬츠/차콜/L 
11,000 1 11,000 
24스윗티/메란지/L 
7,000 1 7,000 
24스윗티/크림/S 
7,000 1 7,000 
24시리얼티/백메란지/S 
7,000 1 7,000 
24시리얼티/백메란지/L 
7,000 1 7,000 
24시리얼티/크림/M 
7,000 2 14,000 
24이반열빵세트/모카베이지/M 
14,000 1 14,000 
24어반멜빵세트/크림/S 
14,000 1 14,000 
24(647)엠버청남방/청/XL 
21,000 1 21,000 
※24오버팬츠/블럭/M 
9,000 3 27,000 
24오버팬츠/블럭/XL 
9,000 1 9,000 
※24오버팬츠/메란지/M 
9,000 2 18,000 
24오버팬츠/메란지/XL 
9,000 1 9,000 
24오버팬츠/진밤/XL 
9,000 2 18,000 
※24오트베베세트/베이지/M 
14,000 1 14,000 
※24오트베베세트/다크브라운/S 
14,000 14,000 
24유머티/곤색/S 
7,000 1 7,000 
24유어티/곤색/L 
7,000 1 7,000 
※24유어티/크림/XL 
7,000 7,000 
24(651)인디 고베베팬츠/진청/S 
11,000 1 11,000 
24카멜랍바티/아이/M 
7,000 1 7,000 
※24카엘베베티/모카베이지/M 
7,000 1 7,000 
※24카멜베베티/아이/M 
7,000 1 7,000 
24카툰티/보라/L 
7,000 1 7,000 
24카툰티/아이/M 
7,000 1 7,000 
24컨트리맨투맨/밤색/L 
10,000 1 10,000 
※24컨트리맨투맨/오트/M 
10,000 2 20,000 
24컨트리맨 투맨/오트/L 
10,000 1 10,000 
※24컨트리맨투맨/오트/S 
10,000 1 10,000 
24(650)켈리멜빵세트/청/M 
21, 000 1 21,000 
24(652)쿠키멜빵세트/청/S 
18,000 1 18,000 
24퍼피후드티/노랑/S 
12,000 1 12,000 
24퍼피후드티/노랑/M 
12,000 1 12,000 
24퍼피후드티/노랑/L 
12,000 1 12,000 
24퍼피후드티/노랑/XL 
12,000 1 12,000 
24퍼피후드티/밤색/XL 
12,000 1 12,000 
24포터맨투맨/블럭/M 
10,000 1 10,000 
24포터맨투맨/블럭/L 
10,000 1 10,000 
24프랜드맨투맨/레드/L 
10,000 1 10,000 
24프랜드맨투맨/레드/XL 
10,000 1 10,000 
24프랜드맨투맨/아이/M 
10,000 1 10,000 
※24피터팬츠 /베이지/M 
9,000 2 18,000 
※24피터팬츠/베이지/L 
9,000 1 9,000 
※24피터팬츠/레드/S 
9,000 1 9,000 
24(645)판탁베베청바지/청/S 
11 ,000 1 11,000 
24하트세트/블랙/S 
16,000 4 64,000 
24헬로우맨투맨/진곤/M 
10,000 1 10,000 
판매소계 87건 103 1,007,000 
전 잔: 1,491,000 
당일합계: 1,007,000 
할인금액: 151,000 
당 잔: 2,347,000 
매입전잔: 0 
매입잔액: 0 
※ 
※ 표시는 미송상품입니다. 
*입금처 :우리은행 1002-955- -348642 김동수 
· ※는 미송입니다. 
*상기금액은 *V.A.T별도 금액입니다. 
*세금계산서 발행일 
매월25일부터 말일까지입니다. 
21221979648188